Triangle:3 4 5 0 12Rectange:2 3 6,10
Square:5 25,20
Circle:2 12.56,12.56
Circle:1 3.14,6.28
Circle:-6.27744e+66 1.23736e+134,-3.94223e+67
Triangle:3 4 5 0 12Rectange:2 3 6,10
Square:5 25,20
Circle:2 12.56,12.56
Circle:1 3.14,6.28
Circle:-6.27744e+66 1.23736e+134,-3.94223e+67

2 3
2 3
2 3